ring_id,vertex_id,x,y
0,0,400,0
0,1,628.5714286,-34.28571429
0,2,1000,50
0,3,1250,-12.5
0,4,1193.962489,729.9970245
0,5,385.3985122,1014.867163
0,6,50,678.5714286
0,7,-50,300
0,8,37.58262512,-52.83286119
1,0,450,400
1,1,428.5714286,214.2857143
1,2,200,143.75
1,3,200,430
2,0,707.1428571,292.8571429
2,1,965.4236944,669.5691933
2,2,1058.482971,427.9772945
2,3,820.2967881,179.7032119
Total signed area in input: 9.210000e+05
Total signed area in output: 9.210000e+05
Total areal displacement: 6.646253e+04
