ring_id,vertex_id,x,y
0,13,800,850
0,14,600,800
0,27,266.9642857,850
0,30,-162.394958,529.4117647
0,33,-85.64544635,1.209738503
0,34,926.1136291,-50.44545164
0,26,1035.897436,-94.35897436
0,28,1461.639175,191.3676999
0,29,1334.335323,676.3425902
1,0,100,200
1,7,122.7272727,486.3636364
1,8,350,556
1,9,328.9325843,200
2,0,550,150
2,9,510.2564103,515.3846154
2,8,800,436.3636364
2,6,750,150
3,2,1080,500
3,9,1291.935484,600
3,8,1120,190
3,7,989.6551724,255.1724138
Total signed area in input: 9.845000e+05
Total signed area in output: 9.845000e+05
Total areal displacement: 1.078145e+05
