ring_id,vertex_id,x,y
0,2,400,0
0,21,628.5714286,-34.28571429
0,29,1256.086742,69.62592356
0,30,1197.097612,652.9023882
0,23,1060,790
0,26,385.3985122,1014.867163
0,22,50,678.5714286
0,24,-34.67153285,358.0291971
0,27,4.841997961,-50
1,3,450,400
1,7,428.5714286,214.2857143
1,8,200,143.75
1,9,200,430
2,9,707.1428571,292.8571429
2,11,965.4236944,669.5691933
2,12,1058.482971,427.9772945
2,13,820.2967881,179.7032119
Total signed area in input: 9.210000e+05
Total signed area in output: 9.210000e+05
Total areal displacement: 6.603406e+04
