ring_id,vertex_id,x,y
0,0,-470,40
0,105,-252.9366217,-300.6786455
0,66,-122,-152
0,103,153.6436222,-426.1020338
0,102,430.7525536,243.1742158
0,91,107.8296246,360
0,90,291.1764706,186.0894342
0,50,150,-20
0,106,43.03927505,371.9050502
0,89,30.84805654,385.0176678
0,58,-190,120
1,14,-168.8732394,-152.6760563
1,15,-335.3608247,-52.78350515
1,18,-132.6112232,34.59132839
2,14,288.2608696,63.47826087
2,18,116.508356,-270.5311784
2,16,43.95013418,-153.1246346
Total signed area in input: 2.840000e+05
Total signed area in output: 2.840000e+05
Total areal displacement: 1.450709e+05
