ring_id,vertex_id,x,y
0,0,-470,40
0,1,-252.9366217,-300.6786455
0,2,-122,-152
0,3,153.6436222,-426.1020338
0,4,430.7525536,243.1742158
0,5,107.8296246,360
0,6,291.1764706,186.0894342
0,7,150,-20
0,8,43.03927505,371.9050502
0,9,30.84805654,385.0176678
0,10,-190,120
1,0,-168.8732394,-152.6760563
1,1,-335.3608247,-52.78350515
1,2,-132.6112232,34.59132839
2,0,288.2608696,63.47826087
2,1,116.508356,-270.5311784
2,2,43.95013418,-153.1246346
Total signed area in input: 2.840000e+05
Total signed area in output: 2.840000e+05
Total areal displacement: 1.450709e+05
