ring_id,vertex_id,x,y
0,0,800,850
0,1,600,800
0,2,266.9642857,850
0,3,-162.394958,529.4117647
0,4,-85.64544635,1.209738503
0,5,926.1136291,-50.44545164
0,6,1035.897436,-94.35897436
0,7,1461.639175,191.3676999
0,8,1334.335323,676.3425902
1,0,100,200
1,1,122.7272727,486.3636364
1,2,350,556
1,3,328.9325843,200
2,0,550,150
2,1,510.2564103,515.3846154
2,2,800,436.3636364
2,3,750,150
3,0,1080,500
3,1,1291.935484,600
3,2,1120,190
3,3,989.6551724,255.1724138
Total signed area in input: 9.845000e+05
Total signed area in output: 9.845000e+05
Total areal displacement: 1.078145e+05
