ring_id,vertex_id,x,y
0,0,150,-20
0,1,5.208702864,142.6127898
0,2,224.1701871,256.2613156
0,3,10,360
0,4,-386.0095094,-28.06007926
0,5,-397.4818188,-189.7192959
0,6,-240,-290
0,7,-122,-152
0,8,167.9475665,-436.3125229
0,9,370.5602359,94.61234797
0,10,302.3708877,385.0526098
1,0,-152.2364217,33.8658147
1,1,-149.1169203,-164.5298478
1,2,-326.1945637,-58.2832618
2,0,110,-260
2,1,38.38709677,-164.516129
2,2,314.0065695,87.99124063
Total signed area in input: 2.840000e+05
Total signed area in output: 2.840000e+05
Total areal displacement: 1.401236e+05
